6410
5340
5363
7924
692
2525
4619
4531
7103
973
9871
3895
9254
1424
5772
8023
6025
1618
283
5281
4128
7612
1689
730
9033
9796
4708
1556
7637
4993
9497
1704
3901
8392
2563
5108
4840
1897
838
3562
4528
963
5103
4535
3130
5290
704
6401
3721
518
1944
1260
1719
9559
7598
1847
8355
6947
9471
7248
5862
8425
4648
9906
1563
896
8584
2321
5219
1454
6011
5734
4262
3733
8137
91
1119
4374
8824
5307
9760
9650
3908
8128
5732
946
2075
3206
9287
2552
1403
5346
8171
917
619
7118
1795
4470
2320
733
4983
2520
4782
8227
9524
461
1718
1644
3946
2629
3758
5229
9570
5257
5427
1687
7092
6193
2039
9103
2012
3692
396
6692
526
1940
4108
9283
7026
599
1923
214
4815
4433
1784
1581
7834
5447
769
8001
9349
8356
7535
8929
4582
3796
4897
1275
3822
3397
6669
1593
27
9255
4120
7187
5414
988
271
7062
3525
4490
426
6246
8861
609
4491
5313
307
7365
3222
9566
3198
4213
4895
3176
4005
6859
174
212
853
1040
1724
2670
2280
993
9027
723
6131
8279
7199
8737
6635
1032
1240
6721
3880
7255
6033
1252
2911
4816
514
3164
2439
429
9815
815
4842
2069
2674
208
7000
3798
317
8620
1732
6059
6521
8889
5041
4920
146
8203
5120
4059
8741
6071
3019
3218
2357
8935
6449
8301
1867
5587
4832
7539
2435
6786
1490
3857
6342
3497
2421
3031
7601
8006
7975
8288
6005
2360
3482
2592
9687
2203
6870
6297
4641
1471
8130
4422
9096
6012
4565
4746
9536
1203
7935
1908
2998
3697
664
5011
102
4390
942
6294
7868
2003
8025
5974
9334
8362
9085
8686
3767
8825
1993
7462
1871
4200
5102
9788
4579
3174
2692
3950
9114
8140
634
4610
9045
8024
5075
81
5540
4364
4955
2978
9973
4116
4038
1826
6611
5754
4196
9931
700
9701
7466
6535
288
1408
7456
5736
3962
2996
8777
3373
2561
3074
1510
9203
2555
371
5786
992
2744
6270
5679
6175
6048
939
3707
5274
4412
2940
5665
114
847
3788
7993
2619
5693
2736
8443
1666
4954
9588
4099
2341
1539
3454
5618
1065
97
3919
4307
1769
3593
5513
3298
2178
4969
1562
9106
455
5467
8900
964
4726
4286
9597
2118
3609
6229
1047
2499
7288
6633
8555
2496
5930
4700
9268
6442
2160
1717
8959
9940
8494
7671
4846
9944
678
2361
4085
3184
748
2141
8082
9603
3238
7378
2985
705
5515
542
2640
6283
6254
9883
8572
309
6094
1783
902
8609
4646
3095
9252
8200
4681
2522
2711
2327
4198
9354
1602
6483
6039
1864
4557
582
1889
7521
1617
1024
1710
4982
2262
5550
1098
6607
8399
9789
6885
9195
1413
7875
9867
4135
2654
1615
4359
3760
3236
1420
193
5000
6018
4386
2386
1307
795
9248
2156
916
5089
9991
8427
9369
1733
8745
2487
483
1088
1210
6763
4891
7218
6348
7200
100
2756
8142
7428
2400
9390
